1.000000e+011
4.631741e+010
4.631741e+010
4.631741e+010
4.631741e+010
4.631741e+010
4.631741e+010
4.631741e+010
4.631741e+010
4.631741e+010
4.631741e+010
4.631741e+010
4.631741e+010
4.631741e+010
4.631742e+010
4.631743e+010
4.631744e+010
4.631746e+010
4.631749e+010
4.631755e+010
4.631763e+010
4.631776e+010
4.631797e+010
4.631831e+010
4.631884e+010
4.631969e+010
4.632103e+010
4.632318e+010
4.632659e+010
4.633201e+010
4.634063e+010
4.635435e+010
4.637617e+010
4.641090e+010
4.646617e+010
4.655417e+010
4.669438e+010
4.691799e+010
4.727517e+010
4.784713e+010
4.876665e+010
5.025420e+010
5.268429e+010
5.671492e+010
6.355799e+010
7.559139e+010
9.787014e+010
1.422280e+011
2.396247e+011
4.818292e+011
1.181196e+012
2.808631e+012
6.509913e+012
1.473860e+013
3.262239e+013
7.061846e+013
1.495327e+014
3.097438e+014
6.276719e+014
1.244325e+015
2.413290e+015
4.578903e+015
8.499450e+015
1.543471e+016
2.742112e+016
4.765982e+016
8.104046e+016
1.348146e+017
2.194133e+017
3.493717e+017
5.442816e+017
8.296393e+017
1.237405e+018
1.806052e+018
2.579875e+018
3.607369e+018
4.938601e+018
6.621638e+018
8.698322e+018
1.119984e+019
1.414270e+019
1.752579e+019
2.132895e+019
2.551352e+019
3.002470e+019
3.479556e+019
3.975211e+019
4.481875e+019
4.992348e+019
5.500241e+019
6.000312e+019
6.488696e+019
6.963019e+019
7.422426e+019
7.867555e+019
8.300479e+019
8.724655e+019
9.144900e+019
9.567433e+019
1.000000e+020
