1.000000e+021
1.000000e+021
1.000000e+021
1.000000e+021
1.000000e+021
1.000000e+021
1.000000e+021
1.000000e+021
1.000000e+021
1.000000e+021
1.000000e+021
9.999999e+020
9.999999e+020
9.999998e+020
9.999997e+020
9.999995e+020
9.999992e+020
9.999988e+020
9.999981e+020
9.999970e+020
9.999952e+020
9.999923e+020
9.999878e+020
9.999805e+020
9.999690e+020
9.999508e+020
9.999217e+020
9.998754e+020
9.998019e+020
9.996849e+020
9.994989e+020
9.992031e+020
9.987329e+020
9.979856e+020
9.967985e+020
9.949141e+020
9.919267e+020
9.871992e+020
9.797407e+020
9.680290e+020
9.497762e+020
9.216624e+020
8.791502e+020
8.166706e+020
7.287424e+020
6.127339e+020
4.732537e+020
3.256560e+020
1.932915e+020
9.612828e+019
3.921231e+019
1.649110e+019
7.114904e+018
3.142593e+018
1.419804e+018
6.558824e+017
3.097477e+017
1.495346e+017
7.379238e+016
3.722292e+016
1.919264e+016
1.011539e+016
5.449459e+015
3.000860e+015
1.689114e+015
9.718335e+014
5.715343e+014
3.435636e+014
2.110966e+014
1.325734e+014
8.509825e+013
5.582837e+013
3.743107e+013
2.564566e+013
1.795335e+013
1.283966e+013
9.378650e+012
6.994856e+012
5.324867e+012
4.135543e+012
3.275005e+012
2.642815e+012
2.171574e+012
1.815406e+012
1.542643e+012
1.331130e+012
1.165156e+012
1.033438e+012
9.277679e+011
8.420978e+011
7.719166e+011
7.138168e+011
6.651915e+011
6.240198e+011
5.887141e+011
5.580088e+011
5.308795e+011
5.064835e+011
4.841153e+011
1.000000e+012
